
[account]
password                       = 123
registered                     = 1
ip                             = 127.0.0.1
autologin                      = 1
pos_x                          = -692.517090
pos_y                          = 1235.658691
pos_z                          = 11.097192
health                         = 79.000000
armour                         = 100.000000
money                          = 71700
skin                           = 0
wanted                         = 0
uid                            = 5157e08b01f34251129ab491d1045b27f451b439
uid2                           = fe50c5d329a8e38b1ef8ac07a1a0cd4f6f0bfece
just_died                      = 0
last_join                      = 29/3/2021, 21:0


